l
b 312 0 400 400
e 900 30 30 30
s 0 0
z

l
b 0 0 412 330
b 612 0 412 330
b 412 400 200 800
k 312 600
e 712 600 30 40
s 512 30
z

l
b 0 0 1024 400
b 200 450 40 270
b 400 400 40 270
b 600 450 40 270
b 800 400 40 270
b 900 400 40 270
e 954 680 30 30
k 850 400
s 40 680
z

l
b 100 0 50 500
b 100 500 600 50
b 650 150 50 350
b 250 100 450 50
b 250 150 50 250
b 300 350 250 50
b 400 250 50 100
e 300 300 100 50
k 450 300
s 0 0
z

l
s 0 0
b 0 200 50 50
b 0 350 50 50
b 50 100 50 50
b 50 200 50 50
b 50 350 50 50
b 100 100 50 50
b 100 200 50 50
b 100 350 50 50
b 150 100 50 50
b 150 250 50 50
b 150 350 50 50
b 200 50 50 50
b 200 100 50 50
b 200 250 50 50
b 200 350 50 50
b 250 250 50 50
b 250 350 50 50
b 250 400 50 50
b 250 450 50 50
b 250 500 50 50
b 250 550 50 50
b 250 600 50 50
b 300 250 50 50
b 300 350 50 50
b 300 600 50 50
b 350 50 50 50
b 350 100 50 50
b 350 150 50 50
b 350 200 50 50
b 350 250 50 50
b 350 350 50 50
b 350 600 50 50
b 400 50 50 50
b 400 150 50 50
b 400 350 50 50
k 700 30
b 400 600 50 50
b 450 350 50 50
b 450 600 50 50
b 500 0 50 50
b 500 50 50 50
b 500 100 50 50
b 500 150 50 50
b 500 350 50 50
e 500 500 50 50
b 500 600 50 50
b 550 250 50 50
b 550 300 50 50
b 550 350 50 50
b 550 600 50 50
b 600 600 50 50
b 650 600 50 50
b 700 100 50 50
b 700 550 50 50
b 750 100 50 50
b 750 200 50 50
b 750 250 50 50
b 750 300 50 50
b 750 500 50 50
b 800 50 50 50
b 800 100 50 50
b 800 300 50 50
b 800 450 50 50
b 850 300 50 50
b 850 350 50 50
b 850 400 50 50
b 900 200 50 50
z

l
s 0 0
b 0 100 50 50
b 0 250 50 50
b 0 400 50 50
b 0 550 50 50
b 50 100 50 50
b 50 250 50 50
b 100 100 50 50
b 100 250 50 50
b 150 400 50 50
b 150 550 50 50
b 200 400 50 50
b 200 500 50 50
b 200 550 50 50
b 250 100 50 50
b 250 250 50 50
b 250 400 50 50
b 250 450 50 50
b 250 550 50 50
b 300 100 50 50
b 300 250 50 50
b 300 300 50 50
b 300 350 50 50
b 300 400 50 50
b 300 550 50 50
b 350 100 50 50
b 350 250 50 50
b 350 550 50 50
b 400 100 50 50
b 400 250 50 50
e 400 500 50 50
b 400 550 50 50
b 450 100 50 50
b 450 250 50 50
b 450 400 50 50
b 450 550 50 50
b 500 100 50 50
b 500 250 50 50
b 500 400 50 50
b 500 450 50 50
b 500 500 50 50
b 500 550 50 50
b 550 50 50 50
b 550 100 50 50
b 550 250 50 50
b 550 550 50 50
b 600 0 50 50
b 600 100 50 50
b 600 200 50 50
b 600 250 50 50
b 600 550 50 50
b 650 100 50 50
b 650 150 50 50
b 650 250 50 50
b 650 400 50 50
b 650 550 50 50
b 700 100 50 50
b 700 400 50 50
k 700 500b 700 550 50 50
b 750 100 50 50
b 750 350 50 50
b 750 400 50 50
b 750 450 50 50
b 750 500 50 50
b 750 550 50 50
k 800 50b 800 100 50 50
b 800 250 50 50
b 800 300 50 50
b 800 400 50 50
b 800 550 50 50
b 850 100 50 50
b 850 250 50 50
b 850 400 50 50
z


